Data;Cumulativo Donne (N.);Cumulativo Donne (%);Giornaliero Donne (N.);Giornaliero Donne (%);Cumulativo Uomini (N.);Cumulativo Uomini (%);Giornaliero Uomini (N.);Giornaliero Uomini (%);Cumulativo Minori (N.);Cumulativo Minori (%);Giornaliero Minori (N.);Giornaliero Minori (%);Totale cumulativo;Totale giornaliero;Principali destinazioni
02-mar;1890;49%;;;570;15%;;;1380;36%;;;3840;;Non comunicate
03-mar;3286;50%;1396;50%;804;12%;234;8%;2518;38%;1138;41%;6608;2768;Roma, Milano, Bologna, Napoli
04-mar;4484;50%;1198;49%;1041;11%;237;10%;3533;39%;1015;41%;9058;2450;Roma, Milano, Bologna, Napoli
05-mar;5620;50%;1136;50%;1198;11%;157;7%;4505;40%;972;43%;11323;2265;Roma, Milano, Bologna, Napoli
06-mar;7052;50%;1432;49%;1459;10%;261;9%;5726;40%;1221;42%;14237;2914;Roma, Milano, Bologna, Napoli
07-mar;8608;50%;1556;51%;1682;10%;223;7%;6996;40%;1270;42%;17286;3049;Roma, Milano, Bologna, Napoli
08-mar;10553;50%;1945;51%;1989;9%;307;8%;8553;41%;1557;41%;21095;3809;Roma, Milano, Bologna, Napoli
09-mar;11955;50%;1402;14%;2200;9%;211;18%;9717;41%;1164;5%;23872;2777;Roma, Milano, Bologna, Napoli
10-mar;13419;50%;1464;51%;2425;9%;225;8%;10894;41%;1177;41%;26738;2866;Non comunicate
11-mar;15830;51%;2411;53%;2781;9%;356;8%;12676;41%;1782;39%;31287;4549;Non comunicate
12-mar;17685;51%;1855;52%;3040;9%;259;7%;14126;41%;1450;41%;34851;3564;Non comunicate
13-mar;19002;51%;1317;51%;3298;9%;258;10%;15147;40%;1021;39%;37447;2596;Milano, Roma, Napoli, Bologna
14-mar;19566;51%;564;52%;3373;9%;75;7%;15600;40%;453;41%;38539;1092;Milano, Roma, Napoli, Bologna
15-mar;22331;51%;2765;51%;3819;9%;446;8%;17858;41%;2258;41%;44008;5469;Milano, Roma, Napoli, Bologna
16-mar;24032;51%;1701;54%;4052;9%;233;7%;19069;40%;1211;39%;47153;3145;Milano, Roma, Napoli e Bologna
17-mar;25846;51%;1814;52%;4325;9%;273;8%;20478;40%;1409;40%;50649;3496;Milano, Roma, Napoli, Bologna
18-mar;27429;51%;1583;52%;4582;9%;257;9%;21658;40%;1180;39%;53669;3020;Milano, Roma, Napoli, Bologna
19-mar;28537;51%;1108;54%;4776;9%;194;10%;22398;40%;740;36%;55711;2042;Milano, Roma, Napoli e Bologna
20-mar;;;;;;;;;;;;;;;
21-mar;30499;51%;;;5213;9%;;;23877;40%;;;59589;;Milano, Roma, Napoli e Bologna
22-mar;31502;51%;1003;53%;5400;9%;187;10%;24591;40%;714;38%;61493;1904;Milano, Roma, Napoli e Bologna
23-mar;32361;51%;859;53%;5592;9%;192;12%;25151;40%;560;35%;65350;1611;
24-mar;;;;;;;;;;;;;67.885;;
25-mar;35.577;51%;;;6.266;9%;;;27.311;39%;;;69.154;;Milano, Roma, Napoli e Bologna